  100.0000         0         0
   99.9980    1.2579         0
   99.9921    2.5157         0
   99.9822    3.7735         0
   99.9684    5.0310         0
   99.9506    6.2884         0
   99.9288    7.5456         0
   99.9031    8.8024         0
   99.8734   10.0589         0
   99.8398   11.3150         0
   99.8023   12.5707         0
   99.7608   13.8258         0
   99.7153   15.0804         0
   99.6659   16.3344         0
   99.6126   17.5878         0
   99.5553   18.8404         0
   99.4941   20.0924         0
   99.4289   21.3435         0
   99.3599   22.5938         0
   99.2868   23.8432         0
   99.2099   25.0916         0
   99.1290   26.3391         0
   99.0442   27.5855         0
   98.9555   28.8308         0
   98.8629   30.0750         0
   98.7664   31.3180         0
   98.6659   32.5597         0
   98.5616   33.8002         0
   98.4533   35.0393         0
   98.3412   36.2770         0
   98.2252   37.5133         0
   98.1053   38.7482         0
   97.9815   39.9814         0
   97.8538   41.2131         0
   97.7223   42.4432         0
   97.5869   43.6716         0
   97.4476   44.8983         0
   97.3045   46.1232         0
   97.1575   47.3462         0
   97.0067   48.5674         0
   96.8521   49.7867         0
   96.6936   51.0040         0
   96.5313   52.2193         0
   96.3651   53.4325         0
   96.1952   54.6436         0
   96.0215   55.8526         0
   95.8439   57.0593         0
   95.6626   58.2638         0
   95.4775   59.4660         0
   95.2886   60.6658         0
   95.0959   61.8632         0
   94.8995   63.0582         0
   94.6993   64.2507         0
   94.4954   65.4406         0
   94.2877   66.6280         0
   94.0764   67.8127         0
   93.8612   68.9947         0
   93.6424   70.1740         0
   93.4199   71.3505         0
   93.1937   72.5242         0
   92.9638   73.6951         0
   92.7302   74.8630         0
   92.4929   76.0280         0
   92.2520   77.1899         0
   92.0074   78.3488         0
   91.7592   79.5046         0
   91.5074   80.6573         0
   91.2519   81.8067         0
   90.9929   82.9530         0
   90.7302   84.0959         0
   90.4640   85.2355         0
   90.1941   86.3718         0
   89.9207   87.5046         0
   89.6438   88.6340         0
   89.3633   89.7598         0
   89.0792   90.8821         0
   88.7917   92.0009         0
   88.5006   93.1159         0
   88.2060   94.2273         0
   87.9080   95.3350         0
   87.6064   96.4389         0
   87.3014   97.5390         0
   86.9930   98.6352         0
   86.6811   99.7275         0
   86.3657  100.8159         0
   86.0470  101.9003         0
   85.7248  102.9807         0
   85.3993  104.0569         0
   85.0704  105.1291         0
   84.7381  106.1971         0
   84.4024  107.2609         0
   84.0635  108.3205         0
   83.7212  109.3758         0
   83.3756  110.4267         0
   83.0267  111.4733         0
   82.6745  112.5155         0
   82.3190  113.5532         0
   81.9603  114.5865         0
   81.5983  115.6152         0
   81.2331  116.6393         0
   80.8647  117.6588         0
   80.4931  118.6737         0
   80.1183  119.6838         0
   79.7404  120.6892         0
   79.3593  121.6899         0
   78.9750  122.6857         0
   78.5876  123.6767         0
   78.1972  124.6628         0
   77.8036  125.6440         0
   77.4069  126.6202         0
   77.0072  127.5914         0
   76.6044  128.5575         0
   76.1987  129.5186         0
   75.7898  130.4745         0
   75.3780  131.4253         0
   74.9633  132.3708         0
   74.5455  133.3112         0
   74.1248  134.2462         0
   73.7012  135.1760         0
   73.2746  136.1004         0
   72.8452  137.0194         0
   72.4128  137.9330         0
   71.9777  138.8412         0
   71.5396  139.7438         0
   71.0987  140.6409         0
   70.6551  141.5325         0
   70.2086  142.4185         0
   69.7593  143.2988         0
   69.3073  144.1734         0
   68.8526  145.0424         0
   68.3951  145.9056         0
   67.9349  146.7631         0
   67.4720  147.6147         0
   67.0065  148.4605         0
   66.5383  149.3004         0
   66.0675  150.1345         0
   65.5940  150.9625         0
   65.1180  151.7847         0
   64.6394  152.6008         0
   64.1582  153.4108         0
   63.6745  154.2148         0
   63.1883  155.0127         0
   62.6996  155.8045         0
   62.2084  156.5901         0
   61.7147  157.3695         0
   61.2186  158.1427         0
   60.7201  158.9097         0
   60.2192  159.6703         0
   59.7159  160.4246         0
   59.2102  161.1726         0
   58.7022  161.9142         0
   58.1918  162.6494         0
   57.6792  163.3782         0
   57.1643  164.1005         0
   56.6471  164.8163         0
   56.1277  165.5256         0
   55.6060  166.2284         0
   55.0822  166.9245         0
   54.5562  167.6141         0
   54.0280  168.2971         0
   53.4977  168.9733         0
   52.9653  169.6429         0
   52.4307  170.3058         0
   51.8941  170.9620         0
   51.3555  171.6114         0
   50.8148  172.2540         0
   50.2721  172.8898         0
   49.7274  173.5187         0
   49.1808  174.1408         0
   48.6322  174.7560         0
   48.0816  175.3643         0
   47.5292  175.9656         0
   46.9749  176.5600         0
   46.4188  177.1474         0
   45.8608  177.7278         0
   45.3010  178.3011         0
   44.7394  178.8674         0
   44.1760  179.4267         0
   43.6109  179.9788         0
   43.0440  180.5238         0
   42.4755  181.0617         0
   41.9052  181.5924         0
   41.3334  182.1159         0
   40.7598  182.6323         0
   40.1847  183.1414         0
   39.6080  183.6432         0
   39.0297  184.1378         0
   38.4499  184.6251         0
   37.8685  185.1051         0
   37.2856  185.5778         0
   36.7013  186.0431         0
   36.1155  186.5011         0
   35.5283  186.9517         0
   34.9397  187.3949         0
   34.3497  187.8307         0
   33.7584  188.2591         0
   33.1657  188.6800         0
   32.5717  189.0935         0
   31.9764  189.4994         0
   31.3798  189.8979         0
   30.7820  190.2889         0
   30.1830  190.6723         0
   29.5828  191.0482         0
   28.9814  191.4166         0
   28.3789  191.7773         0
   27.7753  192.1305         0
   27.1705  192.4761         0
   26.5647  192.8141         0
   25.9578  193.1444         0
   25.3499  193.4671         0
   24.7410  193.7822         0
   24.1312  194.0895         0
   23.5203  194.3892         0
   22.9086  194.6813         0
   22.2959  194.9656         0
   21.6823  195.2422         0
   21.0679  195.5110         0
   20.4527  195.7722         0
   19.8366  196.0256         0
   19.2198  196.2712         0
   18.6022  196.5091         0
   17.9839  196.7392         0
   17.3648  196.9616         0
   16.7451  197.1761         0
   16.1247  197.3828         0
   15.5037  197.5817         0
   14.8820  197.7729         0
   14.2598  197.9561         0
   13.6370  198.1316         0
   13.0136  198.2992         0
   12.3898  198.4590         0
   11.7655  198.6109         0
   11.1406  198.7550         0
   10.5154  198.8912         0
    9.8897  199.0195         0
    9.2637  199.1400         0
    8.6373  199.2526         0
    8.0105  199.3573         0
    7.3834  199.4541         0
    6.7560  199.5430         0
    6.1284  199.6241         0
    5.5005  199.6972         0
    4.8724  199.7625         0
    4.2441  199.8198         0
    3.6157  199.8692         0
    2.9871  199.9108         0
    2.3583  199.9444         0
    1.7295  199.9701         0
    1.1006  199.9879         0
    0.4717  199.9978         0
   -0.1572  199.9998         0
   -0.7862  199.9938         0
   -1.4151  199.9800         0
   -2.0439  199.9582         0
   -2.6727  199.9286         0
   -3.3014  199.8910         0
   -3.9299  199.8455         0
   -4.5583  199.7921         0
   -5.1865  199.7308         0
   -5.8145  199.6616         0
   -6.4422  199.5845         0
   -7.0698  199.4996         0
   -7.6970  199.4067         0
   -8.3239  199.3059         0
   -8.9505  199.1973         0
   -9.5767  199.0807         0
  -10.2026  198.9563         0
  -10.8281  198.8241         0
  -11.4531  198.6839         0
  -12.0777  198.5359         0
  -12.7018  198.3801         0
  -13.3254  198.2164         0
  -13.9485  198.0449         0
  -14.5710  197.8655         0
  -15.1929  197.6783         0
  -15.8143  197.4833         0
  -16.4350  197.2804         0
  -17.0550  197.0698         0
  -17.6744  196.8514         0
  -18.2931  196.6251         0
  -18.9111  196.3911         0
  -19.5283  196.1494         0
  -20.1448  195.8999         0
  -20.7604  195.6426         0
  -21.3752  195.3776         0
  -21.9892  195.1048         0
  -22.6023  194.8244         0
  -23.2146  194.5362         0
  -23.8259  194.2404         0
  -24.4362  193.9368         0
  -25.0456  193.6256         0
  -25.6540  193.3067         0
  -26.2614  192.9802         0
  -26.8678  192.6460         0
  -27.4730  192.3043         0
  -28.0772  191.9549         0
  -28.6803  191.5979         0
  -29.2823  191.2333         0
  -29.8831  190.8612         0
  -30.4827  190.4816         0
  -31.0811  190.0944         0
  -31.6783  189.6996         0
  -32.2742  189.2974         0
  -32.8688  188.8877         0
  -33.4622  188.4705         0
  -34.0542  188.0458         0
  -34.6449  187.6138         0
  -35.2342  187.1743         0
  -35.8221  186.7274         0
  -36.4086  186.2731         0
  -36.9937  185.8114         0
  -37.5773  185.3424         0
  -38.1594  184.8660         0
  -38.7400  184.3824         0
  -39.3190  183.8914         0
  -39.8965  183.3932         0
  -40.4725  182.8877         0
  -41.0468  182.3750         0
  -41.6195  181.8551         0
  -42.1906  181.3280         0
  -42.7600  180.7937         0
  -43.3277  180.2522         0
  -43.8936  179.7036         0
  -44.4579  179.1479         0
  -45.0204  178.5852         0
  -45.5811  178.0153         0
  -46.1400  177.4385         0
  -46.6971  176.8546         0
  -47.2523  176.2637         0
  -47.8057  175.6658         0
  -48.3571  175.0610         0
  -48.9067  174.4492         0
  -49.4543  173.8306         0
  -50.0000  173.2051         0
  -50.5437  172.5727         0
  -51.0854  171.9335         0
  -51.6251  171.2875         0
  -52.1627  170.6347         0
  -52.6983  169.9752         0
  -53.2317  169.3090         0
  -53.7631  168.6360         0
  -54.2924  167.9564         0
  -54.8195  167.2702         0
  -55.3444  166.5773         0
  -55.8671  165.8778         0
  -56.3877  165.1718         0
  -56.9060  164.4592         0
  -57.4220  163.7402         0
  -57.9358  163.0146         0
  -58.4473  162.2826         0
  -58.9565  161.5442         0
  -59.4633  160.7994         0
  -59.9678  160.0483         0
  -60.4699  159.2908         0
  -60.9697  158.5270         0
  -61.4670  157.7569         0
  -61.9619  156.9806         0
  -62.4543  156.1981         0
  -62.9443  155.4094         0
  -63.4317  154.6146         0
  -63.9167  153.8136         0
  -64.3991  153.0066         0
  -64.8790  152.1935         0
  -65.3563  151.3744         0
  -65.8311  150.5492         0
  -66.3032  149.7182         0
  -66.7727  148.8812         0
  -67.2396  148.0383         0
  -67.7038  147.1896         0
  -68.1653  146.3351         0
  -68.6242  145.4747         0
  -69.0803  144.6086         0
  -69.5337  143.7368         0
  -69.9843  142.8593         0
  -70.4322  141.9762         0
  -70.8773  141.0874         0
  -71.3195  140.1931         0
  -71.7590  139.2932         0
  -72.1956  138.3878         0
  -72.6294  137.4769         0
  -73.0603  136.5606         0
  -73.4883  135.6389         0
  -73.9134  134.7118         0
  -74.3355  133.7794         0
  -74.7547  132.8417         0
  -75.1710  131.8987         0
  -75.5843  130.9505         0
  -75.9946  129.9972         0
  -76.4019  129.0387         0
  -76.8062  128.0751         0
  -77.2074  127.1064         0
  -77.6056  126.1327         0
  -78.0007  125.1540         0
  -78.3928  124.1704         0
  -78.7817  123.1819         0
  -79.1675  122.1884         0
  -79.5502  121.1902         0
  -79.9297  120.1871         0
  -80.3061  119.1793         0
  -80.6793  118.1668         0
  -81.0493  117.1496         0
  -81.4161  116.1278         0
  -81.7797  115.1014         0
  -82.1400  114.0704         0
  -82.4971  113.0349         0
  -82.8510  111.9950         0
  -83.2015  110.9506         0
  -83.5488  109.9018         0
  -83.8927  108.8487         0
  -84.2334  107.7912         0
  -84.5707  106.7296         0
  -84.9046  105.6636         0
  -85.2352  104.5935         0
  -85.5625  103.5193         0
  -85.8863  102.4410         0
  -86.2068  101.3586         0
  -86.5238  100.2722         0
  -86.8374   99.1819         0
  -87.1476   98.0876         0
  -87.4543   96.9894         0
  -87.7576   95.8874         0
  -88.0574   94.7816         0
  -88.3537   93.6721         0
  -88.6466   92.5589         0
  -88.9359   91.4420         0
  -89.2217   90.3214         0
  -89.5040   89.1973         0
  -89.7827   88.0697         0
  -90.0579   86.9386         0
  -90.3295   85.8041         0
  -90.5975   84.6661         0
  -90.8620   83.5248         0
  -91.1228   82.3802         0
  -91.3801   81.2324         0
  -91.6338   80.0813         0
  -91.8838   78.9271         0
  -92.1302   77.7697         0
  -92.3729   76.6093         0
  -92.6120   75.4459         0
  -92.8474   74.2794         0
  -93.0792   73.1100         0
  -93.3072   71.9377         0
  -93.5316   70.7626         0
  -93.7523   69.5847         0
  -93.9693   68.4040         0
  -94.1825   67.2206         0
  -94.3920   66.0346         0
  -94.5978   64.8460         0
  -94.7999   63.6547         0
  -94.9982   62.4610         0
  -95.1927   61.2648         0
  -95.3835   60.0662         0
  -95.5705   58.8652         0
  -95.7537   57.6618         0
  -95.9332   56.4562         0
  -96.1088   55.2484         0
  -96.2807   54.0383         0
  -96.4487   52.8262         0
  -96.6129   51.6119         0
  -96.7733   50.3956         0
  -96.9299   49.1773         0
  -97.0826   47.9571         0
  -97.2315   46.7349         0
  -97.3765   45.5110         0
  -97.5177   44.2852         0
  -97.6551   43.0576         0
  -97.7885   41.8284         0
  -97.9181   40.5975         0
  -98.0439   39.3650         0
  -98.1657   38.1309         0
  -98.2837   36.8954         0
  -98.3978   35.6583         0
  -98.5080   34.4199         0
  -98.6142   33.1801         0
  -98.7166   31.9390         0
  -98.8151   30.6966         0
  -98.9097   29.4530         0
  -99.0004   28.2083         0
  -99.0871   26.9624         0
  -99.1699   25.7155         0
  -99.2489   24.4675         0
  -99.3238   23.2186         0
  -99.3949   21.9687         0
  -99.4620   20.7180         0
  -99.5252   19.4665         0
  -99.5844   18.2142         0
  -99.6397   16.9612         0
  -99.6911   15.7075         0
  -99.7385   14.4532         0
  -99.7820   13.1983         0
  -99.8215   11.9429         0
  -99.8571   10.6870         0
  -99.8888    9.4307         0
  -99.9164    8.1740         0
  -99.9402    6.9170         0
  -99.9600    5.6598         0
  -99.9758    4.4023         0
  -99.9876    3.1446         0
  -99.9955    1.8868         0
  -99.9995    0.6289         0
  -99.9995   -0.6289         0
  -99.9955   -1.8868         0
  -99.9876   -3.1446         0
  -99.9758   -4.4023         0
  -99.9600   -5.6598         0
  -99.9402   -6.9170         0
  -99.9164   -8.1740         0
  -99.8888   -9.4307         0
  -99.8571  -10.6870         0
  -99.8215  -11.9429         0
  -99.7820  -13.1983         0
  -99.7385  -14.4532         0
  -99.6911  -15.7075         0
  -99.6397  -16.9612         0
  -99.5844  -18.2142         0
  -99.5252  -19.4665         0
  -99.4620  -20.7180         0
  -99.3949  -21.9687         0
  -99.3238  -23.2186         0
  -99.2489  -24.4675         0
  -99.1699  -25.7155         0
  -99.0871  -26.9624         0
  -99.0004  -28.2083         0
  -98.9097  -29.4530         0
  -98.8151  -30.6966         0
  -98.7166  -31.9390         0
  -98.6142  -33.1801         0
  -98.5080  -34.4199         0
  -98.3978  -35.6583         0
  -98.2837  -36.8954         0
  -98.1657  -38.1309         0
  -98.0439  -39.3650         0
  -97.9181  -40.5975         0
  -97.7885  -41.8284         0
  -97.6551  -43.0576         0
  -97.5177  -44.2852         0
  -97.3765  -45.5110         0
  -97.2315  -46.7349         0
  -97.0826  -47.9571         0
  -96.9299  -49.1773         0
  -96.7733  -50.3956         0
  -96.6129  -51.6119         0
  -96.4487  -52.8262         0
  -96.2807  -54.0383         0
  -96.1088  -55.2484         0
  -95.9332  -56.4562         0
  -95.7537  -57.6618         0
  -95.5705  -58.8652         0
  -95.3835  -60.0662         0
  -95.1927  -61.2648         0
  -94.9982  -62.4610         0
  -94.7999  -63.6547         0
  -94.5978  -64.8460         0
  -94.3920  -66.0346         0
  -94.1825  -67.2206         0
  -93.9693  -68.4040         0
  -93.7523  -69.5847         0
  -93.5316  -70.7626         0
  -93.3072  -71.9377         0
  -93.0792  -73.1100         0
  -92.8474  -74.2794         0
  -92.6120  -75.4459         0
  -92.3729  -76.6093         0
  -92.1302  -77.7697         0
  -91.8838  -78.9271         0
  -91.6338  -80.0813         0
  -91.3801  -81.2324         0
  -91.1228  -82.3802         0
  -90.8620  -83.5248         0
  -90.5975  -84.6661         0
  -90.3295  -85.8041         0
  -90.0579  -86.9386         0
  -89.7827  -88.0697         0
  -89.5040  -89.1973         0
  -89.2217  -90.3214         0
  -88.9359  -91.4420         0
  -88.6466  -92.5589         0
  -88.3537  -93.6721         0
  -88.0574  -94.7816         0
  -87.7576  -95.8874         0
  -87.4543  -96.9894         0
  -87.1476  -98.0876         0
  -86.8374  -99.1819         0
  -86.5238 -100.2722         0
  -86.2068 -101.3586         0
  -85.8863 -102.4410         0
  -85.5625 -103.5193         0
  -85.2352 -104.5935         0
  -84.9046 -105.6636         0
  -84.5707 -106.7296         0
  -84.2334 -107.7912         0
  -83.8927 -108.8487         0
  -83.5488 -109.9018         0
  -83.2015 -110.9506         0
  -82.8510 -111.9950         0
  -82.4971 -113.0349         0
  -82.1400 -114.0704         0
  -81.7797 -115.1014         0
  -81.4161 -116.1278         0
  -81.0493 -117.1496         0
  -80.6793 -118.1668         0
  -80.3061 -119.1793         0
  -79.9297 -120.1871         0
  -79.5502 -121.1902         0
  -79.1675 -122.1884         0
  -78.7817 -123.1819         0
  -78.3928 -124.1704         0
  -78.0007 -125.1540         0
  -77.6056 -126.1327         0
  -77.2074 -127.1064         0
  -76.8062 -128.0751         0
  -76.4019 -129.0387         0
  -75.9946 -129.9972         0
  -75.5843 -130.9505         0
  -75.1710 -131.8987         0
  -74.7547 -132.8417         0
  -74.3355 -133.7794         0
  -73.9134 -134.7118         0
  -73.4883 -135.6389         0
  -73.0603 -136.5606         0
  -72.6294 -137.4769         0
  -72.1956 -138.3878         0
  -71.7590 -139.2932         0
  -71.3195 -140.1931         0
  -70.8773 -141.0874         0
  -70.4322 -141.9762         0
  -69.9843 -142.8593         0
  -69.5337 -143.7368         0
  -69.0803 -144.6086         0
  -68.6242 -145.4747         0
  -68.1653 -146.3351         0
  -67.7038 -147.1896         0
  -67.2396 -148.0383         0
  -66.7727 -148.8812         0
  -66.3032 -149.7182         0
  -65.8311 -150.5492         0
  -65.3563 -151.3744         0
  -64.8790 -152.1935         0
  -64.3991 -153.0066         0
  -63.9167 -153.8136         0
  -63.4317 -154.6146         0
  -62.9443 -155.4094         0
  -62.4543 -156.1981         0
  -61.9619 -156.9806         0
  -61.4670 -157.7569         0
  -60.9697 -158.5270         0
  -60.4699 -159.2908         0
  -59.9678 -160.0483         0
  -59.4633 -160.7994         0
  -58.9565 -161.5442         0
  -58.4473 -162.2826         0
  -57.9358 -163.0146         0
  -57.4220 -163.7402         0
  -56.9060 -164.4592         0
  -56.3877 -165.1718         0
  -55.8671 -165.8778         0
  -55.3444 -166.5773         0
  -54.8195 -167.2702         0
  -54.2924 -167.9564         0
  -53.7631 -168.6360         0
  -53.2317 -169.3090         0
  -52.6983 -169.9752         0
  -52.1627 -170.6347         0
  -51.6251 -171.2875         0
  -51.0854 -171.9335         0
  -50.5437 -172.5727         0
  -50.0000 -173.2051         0
  -49.4543 -173.8306         0
  -48.9067 -174.4492         0
  -48.3571 -175.0610         0
  -47.8057 -175.6658         0
  -47.2523 -176.2637         0
  -46.6971 -176.8546         0
  -46.1400 -177.4385         0
  -45.5811 -178.0153         0
  -45.0204 -178.5852         0
  -44.4579 -179.1479         0
  -43.8936 -179.7036         0
  -43.3277 -180.2522         0
  -42.7600 -180.7937         0
  -42.1906 -181.3280         0
  -41.6195 -181.8551         0
  -41.0468 -182.3750         0
  -40.4725 -182.8877         0
  -39.8965 -183.3932         0
  -39.3190 -183.8914         0
  -38.7400 -184.3824         0
  -38.1594 -184.8660         0
  -37.5773 -185.3424         0
  -36.9937 -185.8114         0
  -36.4086 -186.2731         0
  -35.8221 -186.7274         0
  -35.2342 -187.1743         0
  -34.6449 -187.6138         0
  -34.0542 -188.0458         0
  -33.4622 -188.4705         0
  -32.8688 -188.8877         0
  -32.2742 -189.2974         0
  -31.6783 -189.6996         0
  -31.0811 -190.0944         0
  -30.4827 -190.4816         0
  -29.8831 -190.8612         0
  -29.2823 -191.2333         0
  -28.6803 -191.5979         0
  -28.0772 -191.9549         0
  -27.4730 -192.3043         0
  -26.8678 -192.6460         0
  -26.2614 -192.9802         0
  -25.6540 -193.3067         0
  -25.0456 -193.6256         0
  -24.4362 -193.9368         0
  -23.8259 -194.2404         0
  -23.2146 -194.5362         0
  -22.6023 -194.8244         0
  -21.9892 -195.1048         0
  -21.3752 -195.3776         0
  -20.7604 -195.6426         0
  -20.1448 -195.8999         0
  -19.5283 -196.1494         0
  -18.9111 -196.3911         0
  -18.2931 -196.6251         0
  -17.6744 -196.8514         0
  -17.0550 -197.0698         0
  -16.4350 -197.2804         0
  -15.8143 -197.4833         0
  -15.1929 -197.6783         0
  -14.5710 -197.8655         0
  -13.9485 -198.0449         0
  -13.3254 -198.2164         0
  -12.7018 -198.3801         0
  -12.0777 -198.5359         0
  -11.4531 -198.6839         0
  -10.8281 -198.8241         0
  -10.2026 -198.9563         0
   -9.5767 -199.0807         0
   -8.9505 -199.1973         0
   -8.3239 -199.3059         0
   -7.6970 -199.4067         0
   -7.0698 -199.4996         0
   -6.4422 -199.5845         0
   -5.8145 -199.6616         0
   -5.1865 -199.7308         0
   -4.5583 -199.7921         0
   -3.9299 -199.8455         0
   -3.3014 -199.8910         0
   -2.6727 -199.9286         0
   -2.0439 -199.9582         0
   -1.4151 -199.9800         0
   -0.7862 -199.9938         0
   -0.1572 -199.9998         0
    0.4717 -199.9978         0
    1.1006 -199.9879         0
    1.7295 -199.9701         0
    2.3583 -199.9444         0
    2.9871 -199.9108         0
    3.6157 -199.8692         0
    4.2441 -199.8198         0
    4.8724 -199.7625         0
    5.5005 -199.6972         0
    6.1284 -199.6241         0
    6.7560 -199.5430         0
    7.3834 -199.4541         0
    8.0105 -199.3573         0
    8.6373 -199.2526         0
    9.2637 -199.1400         0
    9.8897 -199.0195         0
   10.5154 -198.8912         0
   11.1406 -198.7550         0
   11.7655 -198.6109         0
   12.3898 -198.4590         0
   13.0136 -198.2992         0
   13.6370 -198.1316         0
   14.2598 -197.9561         0
   14.8820 -197.7729         0
   15.5037 -197.5817         0
   16.1247 -197.3828         0
   16.7451 -197.1761         0
   17.3648 -196.9616         0
   17.9839 -196.7392         0
   18.6022 -196.5091         0
   19.2198 -196.2712         0
   19.8366 -196.0256         0
   20.4527 -195.7722         0
   21.0679 -195.5110         0
   21.6823 -195.2422         0
   22.2959 -194.9656         0
   22.9086 -194.6813         0
   23.5203 -194.3892         0
   24.1312 -194.0895         0
   24.7410 -193.7822         0
   25.3499 -193.4671         0
   25.9578 -193.1444         0
   26.5647 -192.8141         0
   27.1705 -192.4761         0
   27.7753 -192.1305         0
   28.3789 -191.7773         0
   28.9814 -191.4166         0
   29.5828 -191.0482         0
   30.1830 -190.6723         0
   30.7820 -190.2889         0
   31.3798 -189.8979         0
   31.9764 -189.4994         0
   32.5717 -189.0935         0
   33.1657 -188.6800         0
   33.7584 -188.2591         0
   34.3497 -187.8307         0
   34.9397 -187.3949         0
   35.5283 -186.9517         0
   36.1155 -186.5011         0
   36.7013 -186.0431         0
   37.2856 -185.5778         0
   37.8685 -185.1051         0
   38.4499 -184.6251         0
   39.0297 -184.1378         0
   39.6080 -183.6432         0
   40.1847 -183.1414         0
   40.7598 -182.6323         0
   41.3334 -182.1159         0
   41.9052 -181.5924         0
   42.4755 -181.0617         0
   43.0440 -180.5238         0
   43.6109 -179.9788         0
   44.1760 -179.4267         0
   44.7394 -178.8674         0
   45.3010 -178.3011         0
   45.8608 -177.7278         0
   46.4188 -177.1474         0
   46.9749 -176.5600         0
   47.5292 -175.9656         0
   48.0816 -175.3643         0
   48.6322 -174.7560         0
   49.1808 -174.1408         0
   49.7274 -173.5187         0
   50.2721 -172.8898         0
   50.8148 -172.2540         0
   51.3555 -171.6114         0
   51.8941 -170.9620         0
   52.4307 -170.3058         0
   52.9653 -169.6429         0
   53.4977 -168.9733         0
   54.0280 -168.2971         0
   54.5562 -167.6141         0
   55.0822 -166.9245         0
   55.6060 -166.2284         0
   56.1277 -165.5256         0
   56.6471 -164.8163         0
   57.1643 -164.1005         0
   57.6792 -163.3782         0
   58.1918 -162.6494         0
   58.7022 -161.9142         0
   59.2102 -161.1726         0
   59.7159 -160.4246         0
   60.2192 -159.6703         0
   60.7201 -158.9097         0
   61.2186 -158.1427         0
   61.7147 -157.3695         0
   62.2084 -156.5901         0
   62.6996 -155.8045         0
   63.1883 -155.0127         0
   63.6745 -154.2148         0
   64.1582 -153.4108         0
   64.6394 -152.6008         0
   65.1180 -151.7847         0
   65.5940 -150.9625         0
   66.0675 -150.1345         0
   66.5383 -149.3004         0
   67.0065 -148.4605         0
   67.4720 -147.6147         0
   67.9349 -146.7631         0
   68.3951 -145.9056         0
   68.8526 -145.0424         0
   69.3073 -144.1734         0
   69.7593 -143.2988         0
   70.2086 -142.4185         0
   70.6551 -141.5325         0
   71.0987 -140.6409         0
   71.5396 -139.7438         0
   71.9777 -138.8412         0
   72.4128 -137.9330         0
   72.8452 -137.0194         0
   73.2746 -136.1004         0
   73.7012 -135.1760         0
   74.1248 -134.2462         0
   74.5455 -133.3112         0
   74.9633 -132.3708         0
   75.3780 -131.4253         0
   75.7898 -130.4745         0
   76.1987 -129.5186         0
   76.6044 -128.5575         0
   77.0072 -127.5914         0
   77.4069 -126.6202         0
   77.8036 -125.6440         0
   78.1972 -124.6628         0
   78.5876 -123.6767         0
   78.9750 -122.6857         0
   79.3593 -121.6899         0
   79.7404 -120.6892         0
   80.1183 -119.6838         0
   80.4931 -118.6737         0
   80.8647 -117.6588         0
   81.2331 -116.6393         0
   81.5983 -115.6152         0
   81.9603 -114.5865         0
   82.3190 -113.5532         0
   82.6745 -112.5155         0
   83.0267 -111.4733         0
   83.3756 -110.4267         0
   83.7212 -109.3758         0
   84.0635 -108.3205         0
   84.4024 -107.2609         0
   84.7381 -106.1971         0
   85.0704 -105.1291         0
   85.3993 -104.0569         0
   85.7248 -102.9807         0
   86.0470 -101.9003         0
   86.3657 -100.8159         0
   86.6811  -99.7275         0
   86.9930  -98.6352         0
   87.3014  -97.5390         0
   87.6064  -96.4389         0
   87.9080  -95.3350         0
   88.2060  -94.2273         0
   88.5006  -93.1159         0
   88.7917  -92.0009         0
   89.0792  -90.8821         0
   89.3633  -89.7598         0
   89.6438  -88.6340         0
   89.9207  -87.5046         0
   90.1941  -86.3718         0
   90.4640  -85.2355         0
   90.7302  -84.0959         0
   90.9929  -82.9530         0
   91.2519  -81.8067         0
   91.5074  -80.6573         0
   91.7592  -79.5046         0
   92.0074  -78.3488         0
   92.2520  -77.1899         0
   92.4929  -76.0280         0
   92.7302  -74.8630         0
   92.9638  -73.6951         0
   93.1937  -72.5242         0
   93.4199  -71.3505         0
   93.6424  -70.1740         0
   93.8612  -68.9947         0
   94.0764  -67.8127         0
   94.2877  -66.6280         0
   94.4954  -65.4406         0
   94.6993  -64.2507         0
   94.8995  -63.0582         0
   95.0959  -61.8632         0
   95.2886  -60.6658         0
   95.4775  -59.4660         0
   95.6626  -58.2638         0
   95.8439  -57.0593         0
   96.0215  -55.8526         0
   96.1952  -54.6436         0
   96.3651  -53.4325         0
   96.5313  -52.2193         0
   96.6936  -51.0040         0
   96.8521  -49.7867         0
   97.0067  -48.5674         0
   97.1575  -47.3462         0
   97.3045  -46.1232         0
   97.4476  -44.8983         0
   97.5869  -43.6716         0
   97.7223  -42.4432         0
   97.8538  -41.2131         0
   97.9815  -39.9814         0
   98.1053  -38.7482         0
   98.2252  -37.5133         0
   98.3412  -36.2770         0
   98.4533  -35.0393         0
   98.5616  -33.8002         0
   98.6659  -32.5597         0
   98.7664  -31.3180         0
   98.8629  -30.0750         0
   98.9555  -28.8308         0
   99.0442  -27.5855         0
   99.1290  -26.3391         0
   99.2099  -25.0916         0
   99.2868  -23.8432         0
   99.3599  -22.5938         0
   99.4289  -21.3435         0
   99.4941  -20.0924         0
   99.5553  -18.8404         0
   99.6126  -17.5878         0
   99.6659  -16.3344         0
   99.7153  -15.0804         0
   99.7608  -13.8258         0
   99.8023  -12.5707         0
   99.8398  -11.3150         0
   99.8734  -10.0589         0
   99.9031   -8.8024         0
   99.9288   -7.5456         0
   99.9506   -6.2884         0
   99.9684   -5.0310         0
   99.9822   -3.7735         0
   99.9921   -2.5157         0
   99.9980   -1.2579         0
  100.0000   -0.0000         0
