   10.0000         0         0
    9.9998    0.0629         0
    9.9992    0.1258         0
    9.9982    0.1887         0
    9.9968    0.2516         0
    9.9951    0.3144         0
    9.9929    0.3773         0
    9.9903    0.4401         0
    9.9873    0.5029         0
    9.9840    0.5658         0
    9.9802    0.6285         0
    9.9761    0.6913         0
    9.9715    0.7540         0
    9.9666    0.8167         0
    9.9613    0.8794         0
    9.9555    0.9420         0
    9.9494    1.0046         0
    9.9429    1.0672         0
    9.9360    1.1297         0
    9.9287    1.1922         0
    9.9210    1.2546         0
    9.9129    1.3170         0
    9.9044    1.3793         0
    9.8956    1.4415         0
    9.8863    1.5037         0
    9.8766    1.5659         0
    9.8666    1.6280         0
    9.8562    1.6900         0
    9.8453    1.7520         0
    9.8341    1.8139         0
    9.8225    1.8757         0
    9.8105    1.9374         0
    9.7981    1.9991         0
    9.7854    2.0607         0
    9.7722    2.1222         0
    9.7587    2.1836         0
    9.7448    2.2449         0
    9.7304    2.3062         0
    9.7158    2.3673         0
    9.7007    2.4284         0
    9.6852    2.4893         0
    9.6694    2.5502         0
    9.6531    2.6110         0
    9.6365    2.6716         0
    9.6195    2.7322         0
    9.6021    2.7926         0
    9.5844    2.8530         0
    9.5663    2.9132         0
    9.5477    2.9733         0
    9.5289    3.0333         0
    9.5096    3.0932         0
    9.4900    3.1529         0
    9.4699    3.2125         0
    9.4495    3.2720         0
    9.4288    3.3314         0
    9.4076    3.3906         0
    9.3861    3.4497         0
    9.3642    3.5087         0
    9.3420    3.5675         0
    9.3194    3.6262         0
    9.2964    3.6848         0
    9.2730    3.7431         0
    9.2493    3.8014         0
    9.2252    3.8595         0
    9.2007    3.9174         0
    9.1759    3.9752         0
    9.1507    4.0329         0
    9.1252    4.0903         0
    9.0993    4.1476         0
    9.0730    4.2048         0
    9.0464    4.2618         0
    9.0194    4.3186         0
    8.9921    4.3752         0
    8.9644    4.4317         0
    8.9363    4.4880         0
    8.9079    4.5441         0
    8.8792    4.6000         0
    8.8501    4.6558         0
    8.8206    4.7114         0
    8.7908    4.7668         0
    8.7606    4.8219         0
    8.7301    4.8769         0
    8.6993    4.9318         0
    8.6681    4.9864         0
    8.6366    5.0408         0
    8.6047    5.0950         0
    8.5725    5.1490         0
    8.5399    5.2028         0
    8.5070    5.2565         0
    8.4738    5.3099         0
    8.4402    5.3630         0
    8.4063    5.4160         0
    8.3721    5.4688         0
    8.3376    5.5213         0
    8.3027    5.5737         0
    8.2674    5.6258         0
    8.2319    5.6777         0
    8.1960    5.7293         0
    8.1598    5.7808         0
    8.1233    5.8320         0
    8.0865    5.8829         0
    8.0493    5.9337         0
    8.0118    5.9842         0
    7.9740    6.0345         0
    7.9359    6.0845         0
    7.8975    6.1343         0
    7.8588    6.1838         0
    7.8197    6.2331         0
    7.7804    6.2822         0
    7.7407    6.3310         0
    7.7007    6.3796         0
    7.6604    6.4279         0
    7.6199    6.4759         0
    7.5790    6.5237         0
    7.5378    6.5713         0
    7.4963    6.6185         0
    7.4546    6.6656         0
    7.4125    6.7123         0
    7.3701    6.7588         0
    7.3275    6.8050         0
    7.2845    6.8510         0
    7.2413    6.8967         0
    7.1978    6.9421         0
    7.1540    6.9872         0
    7.1099    7.0320         0
    7.0655    7.0766         0
    7.0209    7.1209         0
    6.9759    7.1649         0
    6.9307    7.2087         0
    6.8853    7.2521         0
    6.8395    7.2953         0
    6.7935    7.3382         0
    6.7472    7.3807         0
    6.7006    7.4230         0
    6.6538    7.4650         0
    6.6067    7.5067         0
    6.5594    7.5481         0
    6.5118    7.5892         0
    6.4639    7.6300         0
    6.4158    7.6705         0
    6.3675    7.7107         0
    6.3188    7.7506         0
    6.2700    7.7902         0
    6.2208    7.8295         0
    6.1715    7.8685         0
    6.1219    7.9071         0
    6.0720    7.9455         0
    6.0219    7.9835         0
    5.9716    8.0212         0
    5.9210    8.0586         0
    5.8702    8.0957         0
    5.8192    8.1325         0
    5.7679    8.1689         0
    5.7164    8.2050         0
    5.6647    8.2408         0
    5.6128    8.2763         0
    5.5606    8.3114         0
    5.5082    8.3462         0
    5.4556    8.3807         0
    5.4028    8.4149         0
    5.3498    8.4487         0
    5.2965    8.4821         0
    5.2431    8.5153         0
    5.1894    8.5481         0
    5.1355    8.5806         0
    5.0815    8.6127         0
    5.0272    8.6445         0
    4.9727    8.6759         0
    4.9181    8.7070         0
    4.8632    8.7378         0
    4.8082    8.7682         0
    4.7529    8.7983         0
    4.6975    8.8280         0
    4.6419    8.8574         0
    4.5861    8.8864         0
    4.5301    8.9151         0
    4.4739    8.9434         0
    4.4176    8.9713         0
    4.3611    8.9989         0
    4.3044    9.0262         0
    4.2475    9.0531         0
    4.1905    9.0796         0
    4.1333    9.1058         0
    4.0760    9.1316         0
    4.0185    9.1571         0
    3.9608    9.1822         0
    3.9030    9.2069         0
    3.8450    9.2313         0
    3.7868    9.2553         0
    3.7286    9.2789         0
    3.6701    9.3022         0
    3.6116    9.3251         0
    3.5528    9.3476         0
    3.4940    9.3697         0
    3.4350    9.3915         0
    3.3758    9.4130         0
    3.3166    9.4340         0
    3.2572    9.4547         0
    3.1976    9.4750         0
    3.1380    9.4949         0
    3.0782    9.5144         0
    3.0183    9.5336         0
    2.9583    9.5524         0
    2.8981    9.5708         0
    2.8379    9.5889         0
    2.7775    9.6065         0
    2.7171    9.6238         0
    2.6565    9.6407         0
    2.5958    9.6572         0
    2.5350    9.6734         0
    2.4741    9.6891         0
    2.4131    9.7045         0
    2.3520    9.7195         0
    2.2909    9.7341         0
    2.2296    9.7483         0
    2.1682    9.7621         0
    2.1068    9.7756         0
    2.0453    9.7886         0
    1.9837    9.8013         0
    1.9220    9.8136         0
    1.8602    9.8255         0
    1.7984    9.8370         0
    1.7365    9.8481         0
    1.6745    9.8588         0
    1.6125    9.8691         0
    1.5504    9.8791         0
    1.4882    9.8886         0
    1.4260    9.8978         0
    1.3637    9.9066         0
    1.3014    9.9150         0
    1.2390    9.9229         0
    1.1765    9.9305         0
    1.1141    9.9377         0
    1.0515    9.9446         0
    0.9890    9.9510         0
    0.9264    9.9570         0
    0.8637    9.9626         0
    0.8010    9.9679         0
    0.7383    9.9727         0
    0.6756    9.9772         0
    0.6128    9.9812         0
    0.5501    9.9849         0
    0.4872    9.9881         0
    0.4244    9.9910         0
    0.3616    9.9935         0
    0.2987    9.9955         0
    0.2358    9.9972         0
    0.1730    9.9985         0
    0.1101    9.9994         0
    0.0472    9.9999         0
   -0.0157   10.0000         0
   -0.0786    9.9997         0
   -0.1415    9.9990         0
   -0.2044    9.9979         0
   -0.2673    9.9964         0
   -0.3301    9.9945         0
   -0.3930    9.9923         0
   -0.4558    9.9896         0
   -0.5186    9.9865         0
   -0.5814    9.9831         0
   -0.6442    9.9792         0
   -0.7070    9.9750         0
   -0.7697    9.9703         0
   -0.8324    9.9653         0
   -0.8951    9.9599         0
   -0.9577    9.9540         0
   -1.0203    9.9478         0
   -1.0828    9.9412         0
   -1.1453    9.9342         0
   -1.2078    9.9268         0
   -1.2702    9.9190         0
   -1.3325    9.9108         0
   -1.3948    9.9022         0
   -1.4571    9.8933         0
   -1.5193    9.8839         0
   -1.5814    9.8742         0
   -1.6435    9.8640         0
   -1.7055    9.8535         0
   -1.7674    9.8426         0
   -1.8293    9.8313         0
   -1.8911    9.8196         0
   -1.9528    9.8075         0
   -2.0145    9.7950         0
   -2.0760    9.7821         0
   -2.1375    9.7689         0
   -2.1989    9.7552         0
   -2.2602    9.7412         0
   -2.3215    9.7268         0
   -2.3826    9.7120         0
   -2.4436    9.6968         0
   -2.5046    9.6813         0
   -2.5654    9.6653         0
   -2.6261    9.6490         0
   -2.6868    9.6323         0
   -2.7473    9.6152         0
   -2.8077    9.5977         0
   -2.8680    9.5799         0
   -2.9282    9.5617         0
   -2.9883    9.5431         0
   -3.0483    9.5241         0
   -3.1081    9.5047         0
   -3.1678    9.4850         0
   -3.2274    9.4649         0
   -3.2869    9.4444         0
   -3.3462    9.4235         0
   -3.4054    9.4023         0
   -3.4645    9.3807         0
   -3.5234    9.3587         0
   -3.5822    9.3364         0
   -3.6409    9.3137         0
   -3.6994    9.2906         0
   -3.7577    9.2671         0
   -3.8159    9.2433         0
   -3.8740    9.2191         0
   -3.9319    9.1946         0
   -3.9897    9.1697         0
   -4.0472    9.1444         0
   -4.1047    9.1188         0
   -4.1620    9.0928         0
   -4.2191    9.0664         0
   -4.2760    9.0397         0
   -4.3328    9.0126         0
   -4.3894    8.9852         0
   -4.4458    8.9574         0
   -4.5020    8.9293         0
   -4.5581    8.9008         0
   -4.6140    8.8719         0
   -4.6697    8.8427         0
   -4.7252    8.8132         0
   -4.7806    8.7833         0
   -4.8357    8.7530         0
   -4.8907    8.7225         0
   -4.9454    8.6915         0
   -5.0000    8.6603         0
   -5.0544    8.6286         0
   -5.1085    8.5967         0
   -5.1625    8.5644         0
   -5.2163    8.5317         0
   -5.2698    8.4988         0
   -5.3232    8.4654         0
   -5.3763    8.4318         0
   -5.4292    8.3978         0
   -5.4819    8.3635         0
   -5.5344    8.3289         0
   -5.5867    8.2939         0
   -5.6388    8.2586         0
   -5.6906    8.2230         0
   -5.7422    8.1870         0
   -5.7936    8.1507         0
   -5.8447    8.1141         0
   -5.8956    8.0772         0
   -5.9463    8.0400         0
   -5.9968    8.0024         0
   -6.0470    7.9645         0
   -6.0970    7.9263         0
   -6.1467    7.8878         0
   -6.1962    7.8490         0
   -6.2454    7.8099         0
   -6.2944    7.7705         0
   -6.3432    7.7307         0
   -6.3917    7.6907         0
   -6.4399    7.6503         0
   -6.4879    7.6097         0
   -6.5356    7.5687         0
   -6.5831    7.5275         0
   -6.6303    7.4859         0
   -6.6773    7.4441         0
   -6.7240    7.4019         0
   -6.7704    7.3595         0
   -6.8165    7.3168         0
   -6.8624    7.2737         0
   -6.9080    7.2304         0
   -6.9534    7.1868         0
   -6.9984    7.1430         0
   -7.0432    7.0988         0
   -7.0877    7.0544         0
   -7.1320    7.0097         0
   -7.1759    6.9647         0
   -7.2196    6.9194         0
   -7.2629    6.8738         0
   -7.3060    6.8280         0
   -7.3488    6.7819         0
   -7.3913    6.7356         0
   -7.4336    6.6890         0
   -7.4755    6.6421         0
   -7.5171    6.5949         0
   -7.5584    6.5475         0
   -7.5995    6.4999         0
   -7.6402    6.4519         0
   -7.6806    6.4038         0
   -7.7207    6.3553         0
   -7.7606    6.3066         0
   -7.8001    6.2577         0
   -7.8393    6.2085         0
   -7.8782    6.1591         0
   -7.9168    6.1094         0
   -7.9550    6.0595         0
   -7.9930    6.0094         0
   -8.0306    5.9590         0
   -8.0679    5.9083         0
   -8.1049    5.8575         0
   -8.1416    5.8064         0
   -8.1780    5.7551         0
   -8.2140    5.7035         0
   -8.2497    5.6517         0
   -8.2851    5.5997         0
   -8.3202    5.5475         0
   -8.3549    5.4951         0
   -8.3893    5.4424         0
   -8.4233    5.3896         0
   -8.4571    5.3365         0
   -8.4905    5.2832         0
   -8.5235    5.2297         0
   -8.5562    5.1760         0
   -8.5886    5.1220         0
   -8.6207    5.0679         0
   -8.6524    5.0136         0
   -8.6837    4.9591         0
   -8.7148    4.9044         0
   -8.7454    4.8495         0
   -8.7758    4.7944         0
   -8.8057    4.7391         0
   -8.8354    4.6836         0
   -8.8647    4.6279         0
   -8.8936    4.5721         0
   -8.9222    4.5161         0
   -8.9504    4.4599         0
   -8.9783    4.4035         0
   -9.0058    4.3469         0
   -9.0329    4.2902         0
   -9.0598    4.2333         0
   -9.0862    4.1762         0
   -9.1123    4.1190         0
   -9.1380    4.0616         0
   -9.1634    4.0041         0
   -9.1884    3.9464         0
   -9.2130    3.8885         0
   -9.2373    3.8305         0
   -9.2612    3.7723         0
   -9.2847    3.7140         0
   -9.3079    3.6555         0
   -9.3307    3.5969         0
   -9.3532    3.5381         0
   -9.3752    3.4792         0
   -9.3969    3.4202         0
   -9.4183    3.3610         0
   -9.4392    3.3017         0
   -9.4598    3.2423         0
   -9.4800    3.1827         0
   -9.4998    3.1231         0
   -9.5193    3.0632         0
   -9.5384    3.0033         0
   -9.5571    2.9433         0
   -9.5754    2.8831         0
   -9.5933    2.8228         0
   -9.6109    2.7624         0
   -9.6281    2.7019         0
   -9.6449    2.6413         0
   -9.6613    2.5806         0
   -9.6773    2.5198         0
   -9.6930    2.4589         0
   -9.7083    2.3979         0
   -9.7231    2.3367         0
   -9.7377    2.2755         0
   -9.7518    2.2143         0
   -9.7655    2.1529         0
   -9.7789    2.0914         0
   -9.7918    2.0299         0
   -9.8044    1.9682         0
   -9.8166    1.9065         0
   -9.8284    1.8448         0
   -9.8398    1.7829         0
   -9.8508    1.7210         0
   -9.8614    1.6590         0
   -9.8717    1.5969         0
   -9.8815    1.5348         0
   -9.8910    1.4727         0
   -9.9000    1.4104         0
   -9.9087    1.3481         0
   -9.9170    1.2858         0
   -9.9249    1.2234         0
   -9.9324    1.1609         0
   -9.9395    1.0984         0
   -9.9462    1.0359         0
   -9.9525    0.9733         0
   -9.9584    0.9107         0
   -9.9640    0.8481         0
   -9.9691    0.7854         0
   -9.9739    0.7227         0
   -9.9782    0.6599         0
   -9.9822    0.5971         0
   -9.9857    0.5344         0
   -9.9889    0.4715         0
   -9.9916    0.4087         0
   -9.9940    0.3459         0
   -9.9960    0.2830         0
   -9.9976    0.2201         0
   -9.9988    0.1572         0
   -9.9996    0.0943         0
  -10.0000    0.0314         0
  -10.0000   -0.0314         0
   -9.9996   -0.0943         0
   -9.9988   -0.1572         0
   -9.9976   -0.2201         0
   -9.9960   -0.2830         0
   -9.9940   -0.3459         0
   -9.9916   -0.4087         0
   -9.9889   -0.4715         0
   -9.9857   -0.5344         0
   -9.9822   -0.5971         0
   -9.9782   -0.6599         0
   -9.9739   -0.7227         0
   -9.9691   -0.7854         0
   -9.9640   -0.8481         0
   -9.9584   -0.9107         0
   -9.9525   -0.9733         0
   -9.9462   -1.0359         0
   -9.9395   -1.0984         0
   -9.9324   -1.1609         0
   -9.9249   -1.2234         0
   -9.9170   -1.2858         0
   -9.9087   -1.3481         0
   -9.9000   -1.4104         0
   -9.8910   -1.4727         0
   -9.8815   -1.5348         0
   -9.8717   -1.5969         0
   -9.8614   -1.6590         0
   -9.8508   -1.7210         0
   -9.8398   -1.7829         0
   -9.8284   -1.8448         0
   -9.8166   -1.9065         0
   -9.8044   -1.9682         0
   -9.7918   -2.0299         0
   -9.7789   -2.0914         0
   -9.7655   -2.1529         0
   -9.7518   -2.2143         0
   -9.7377   -2.2755         0
   -9.7231   -2.3367         0
   -9.7083   -2.3979         0
   -9.6930   -2.4589         0
   -9.6773   -2.5198         0
   -9.6613   -2.5806         0
   -9.6449   -2.6413         0
   -9.6281   -2.7019         0
   -9.6109   -2.7624         0
   -9.5933   -2.8228         0
   -9.5754   -2.8831         0
   -9.5571   -2.9433         0
   -9.5384   -3.0033         0
   -9.5193   -3.0632         0
   -9.4998   -3.1231         0
   -9.4800   -3.1827         0
   -9.4598   -3.2423         0
   -9.4392   -3.3017         0
   -9.4183   -3.3610         0
   -9.3969   -3.4202         0
   -9.3752   -3.4792         0
   -9.3532   -3.5381         0
   -9.3307   -3.5969         0
   -9.3079   -3.6555         0
   -9.2847   -3.7140         0
   -9.2612   -3.7723         0
   -9.2373   -3.8305         0
   -9.2130   -3.8885         0
   -9.1884   -3.9464         0
   -9.1634   -4.0041         0
   -9.1380   -4.0616         0
   -9.1123   -4.1190         0
   -9.0862   -4.1762         0
   -9.0598   -4.2333         0
   -9.0329   -4.2902         0
   -9.0058   -4.3469         0
   -8.9783   -4.4035         0
   -8.9504   -4.4599         0
   -8.9222   -4.5161         0
   -8.8936   -4.5721         0
   -8.8647   -4.6279         0
   -8.8354   -4.6836         0
   -8.8057   -4.7391         0
   -8.7758   -4.7944         0
   -8.7454   -4.8495         0
   -8.7148   -4.9044         0
   -8.6837   -4.9591         0
   -8.6524   -5.0136         0
   -8.6207   -5.0679         0
   -8.5886   -5.1220         0
   -8.5562   -5.1760         0
   -8.5235   -5.2297         0
   -8.4905   -5.2832         0
   -8.4571   -5.3365         0
   -8.4233   -5.3896         0
   -8.3893   -5.4424         0
   -8.3549   -5.4951         0
   -8.3202   -5.5475         0
   -8.2851   -5.5997         0
   -8.2497   -5.6517         0
   -8.2140   -5.7035         0
   -8.1780   -5.7551         0
   -8.1416   -5.8064         0
   -8.1049   -5.8575         0
   -8.0679   -5.9083         0
   -8.0306   -5.9590         0
   -7.9930   -6.0094         0
   -7.9550   -6.0595         0
   -7.9168   -6.1094         0
   -7.8782   -6.1591         0
   -7.8393   -6.2085         0
   -7.8001   -6.2577         0
   -7.7606   -6.3066         0
   -7.7207   -6.3553         0
   -7.6806   -6.4038         0
   -7.6402   -6.4519         0
   -7.5995   -6.4999         0
   -7.5584   -6.5475         0
   -7.5171   -6.5949         0
   -7.4755   -6.6421         0
   -7.4336   -6.6890         0
   -7.3913   -6.7356         0
   -7.3488   -6.7819         0
   -7.3060   -6.8280         0
   -7.2629   -6.8738         0
   -7.2196   -6.9194         0
   -7.1759   -6.9647         0
   -7.1320   -7.0097         0
   -7.0877   -7.0544         0
   -7.0432   -7.0988         0
   -6.9984   -7.1430         0
   -6.9534   -7.1868         0
   -6.9080   -7.2304         0
   -6.8624   -7.2737         0
   -6.8165   -7.3168         0
   -6.7704   -7.3595         0
   -6.7240   -7.4019         0
   -6.6773   -7.4441         0
   -6.6303   -7.4859         0
   -6.5831   -7.5275         0
   -6.5356   -7.5687         0
   -6.4879   -7.6097         0
   -6.4399   -7.6503         0
   -6.3917   -7.6907         0
   -6.3432   -7.7307         0
   -6.2944   -7.7705         0
   -6.2454   -7.8099         0
   -6.1962   -7.8490         0
   -6.1467   -7.8878         0
   -6.0970   -7.9263         0
   -6.0470   -7.9645         0
   -5.9968   -8.0024         0
   -5.9463   -8.0400         0
   -5.8956   -8.0772         0
   -5.8447   -8.1141         0
   -5.7936   -8.1507         0
   -5.7422   -8.1870         0
   -5.6906   -8.2230         0
   -5.6388   -8.2586         0
   -5.5867   -8.2939         0
   -5.5344   -8.3289         0
   -5.4819   -8.3635         0
   -5.4292   -8.3978         0
   -5.3763   -8.4318         0
   -5.3232   -8.4654         0
   -5.2698   -8.4988         0
   -5.2163   -8.5317         0
   -5.1625   -8.5644         0
   -5.1085   -8.5967         0
   -5.0544   -8.6286         0
   -5.0000   -8.6603         0
   -4.9454   -8.6915         0
   -4.8907   -8.7225         0
   -4.8357   -8.7530         0
   -4.7806   -8.7833         0
   -4.7252   -8.8132         0
   -4.6697   -8.8427         0
   -4.6140   -8.8719         0
   -4.5581   -8.9008         0
   -4.5020   -8.9293         0
   -4.4458   -8.9574         0
   -4.3894   -8.9852         0
   -4.3328   -9.0126         0
   -4.2760   -9.0397         0
   -4.2191   -9.0664         0
   -4.1620   -9.0928         0
   -4.1047   -9.1188         0
   -4.0472   -9.1444         0
   -3.9897   -9.1697         0
   -3.9319   -9.1946         0
   -3.8740   -9.2191         0
   -3.8159   -9.2433         0
   -3.7577   -9.2671         0
   -3.6994   -9.2906         0
   -3.6409   -9.3137         0
   -3.5822   -9.3364         0
   -3.5234   -9.3587         0
   -3.4645   -9.3807         0
   -3.4054   -9.4023         0
   -3.3462   -9.4235         0
   -3.2869   -9.4444         0
   -3.2274   -9.4649         0
   -3.1678   -9.4850         0
   -3.1081   -9.5047         0
   -3.0483   -9.5241         0
   -2.9883   -9.5431         0
   -2.9282   -9.5617         0
   -2.8680   -9.5799         0
   -2.8077   -9.5977         0
   -2.7473   -9.6152         0
   -2.6868   -9.6323         0
   -2.6261   -9.6490         0
   -2.5654   -9.6653         0
   -2.5046   -9.6813         0
   -2.4436   -9.6968         0
   -2.3826   -9.7120         0
   -2.3215   -9.7268         0
   -2.2602   -9.7412         0
   -2.1989   -9.7552         0
   -2.1375   -9.7689         0
   -2.0760   -9.7821         0
   -2.0145   -9.7950         0
   -1.9528   -9.8075         0
   -1.8911   -9.8196         0
   -1.8293   -9.8313         0
   -1.7674   -9.8426         0
   -1.7055   -9.8535         0
   -1.6435   -9.8640         0
   -1.5814   -9.8742         0
   -1.5193   -9.8839         0
   -1.4571   -9.8933         0
   -1.3948   -9.9022         0
   -1.3325   -9.9108         0
   -1.2702   -9.9190         0
   -1.2078   -9.9268         0
   -1.1453   -9.9342         0
   -1.0828   -9.9412         0
   -1.0203   -9.9478         0
   -0.9577   -9.9540         0
   -0.8951   -9.9599         0
   -0.8324   -9.9653         0
   -0.7697   -9.9703         0
   -0.7070   -9.9750         0
   -0.6442   -9.9792         0
   -0.5814   -9.9831         0
   -0.5186   -9.9865         0
   -0.4558   -9.9896         0
   -0.3930   -9.9923         0
   -0.3301   -9.9945         0
   -0.2673   -9.9964         0
   -0.2044   -9.9979         0
   -0.1415   -9.9990         0
   -0.0786   -9.9997         0
   -0.0157  -10.0000         0
    0.0472   -9.9999         0
    0.1101   -9.9994         0
    0.1730   -9.9985         0
    0.2358   -9.9972         0
    0.2987   -9.9955         0
    0.3616   -9.9935         0
    0.4244   -9.9910         0
    0.4872   -9.9881         0
    0.5501   -9.9849         0
    0.6128   -9.9812         0
    0.6756   -9.9772         0
    0.7383   -9.9727         0
    0.8010   -9.9679         0
    0.8637   -9.9626         0
    0.9264   -9.9570         0
    0.9890   -9.9510         0
    1.0515   -9.9446         0
    1.1141   -9.9377         0
    1.1765   -9.9305         0
    1.2390   -9.9229         0
    1.3014   -9.9150         0
    1.3637   -9.9066         0
    1.4260   -9.8978         0
    1.4882   -9.8886         0
    1.5504   -9.8791         0
    1.6125   -9.8691         0
    1.6745   -9.8588         0
    1.7365   -9.8481         0
    1.7984   -9.8370         0
    1.8602   -9.8255         0
    1.9220   -9.8136         0
    1.9837   -9.8013         0
    2.0453   -9.7886         0
    2.1068   -9.7756         0
    2.1682   -9.7621         0
    2.2296   -9.7483         0
    2.2909   -9.7341         0
    2.3520   -9.7195         0
    2.4131   -9.7045         0
    2.4741   -9.6891         0
    2.5350   -9.6734         0
    2.5958   -9.6572         0
    2.6565   -9.6407         0
    2.7171   -9.6238         0
    2.7775   -9.6065         0
    2.8379   -9.5889         0
    2.8981   -9.5708         0
    2.9583   -9.5524         0
    3.0183   -9.5336         0
    3.0782   -9.5144         0
    3.1380   -9.4949         0
    3.1976   -9.4750         0
    3.2572   -9.4547         0
    3.3166   -9.4340         0
    3.3758   -9.4130         0
    3.4350   -9.3915         0
    3.4940   -9.3697         0
    3.5528   -9.3476         0
    3.6116   -9.3251         0
    3.6701   -9.3022         0
    3.7286   -9.2789         0
    3.7868   -9.2553         0
    3.8450   -9.2313         0
    3.9030   -9.2069         0
    3.9608   -9.1822         0
    4.0185   -9.1571         0
    4.0760   -9.1316         0
    4.1333   -9.1058         0
    4.1905   -9.0796         0
    4.2475   -9.0531         0
    4.3044   -9.0262         0
    4.3611   -8.9989         0
    4.4176   -8.9713         0
    4.4739   -8.9434         0
    4.5301   -8.9151         0
    4.5861   -8.8864         0
    4.6419   -8.8574         0
    4.6975   -8.8280         0
    4.7529   -8.7983         0
    4.8082   -8.7682         0
    4.8632   -8.7378         0
    4.9181   -8.7070         0
    4.9727   -8.6759         0
    5.0272   -8.6445         0
    5.0815   -8.6127         0
    5.1355   -8.5806         0
    5.1894   -8.5481         0
    5.2431   -8.5153         0
    5.2965   -8.4821         0
    5.3498   -8.4487         0
    5.4028   -8.4149         0
    5.4556   -8.3807         0
    5.5082   -8.3462         0
    5.5606   -8.3114         0
    5.6128   -8.2763         0
    5.6647   -8.2408         0
    5.7164   -8.2050         0
    5.7679   -8.1689         0
    5.8192   -8.1325         0
    5.8702   -8.0957         0
    5.9210   -8.0586         0
    5.9716   -8.0212         0
    6.0219   -7.9835         0
    6.0720   -7.9455         0
    6.1219   -7.9071         0
    6.1715   -7.8685         0
    6.2208   -7.8295         0
    6.2700   -7.7902         0
    6.3188   -7.7506         0
    6.3675   -7.7107         0
    6.4158   -7.6705         0
    6.4639   -7.6300         0
    6.5118   -7.5892         0
    6.5594   -7.5481         0
    6.6067   -7.5067         0
    6.6538   -7.4650         0
    6.7006   -7.4230         0
    6.7472   -7.3807         0
    6.7935   -7.3382         0
    6.8395   -7.2953         0
    6.8853   -7.2521         0
    6.9307   -7.2087         0
    6.9759   -7.1649         0
    7.0209   -7.1209         0
    7.0655   -7.0766         0
    7.1099   -7.0320         0
    7.1540   -6.9872         0
    7.1978   -6.9421         0
    7.2413   -6.8967         0
    7.2845   -6.8510         0
    7.3275   -6.8050         0
    7.3701   -6.7588         0
    7.4125   -6.7123         0
    7.4546   -6.6656         0
    7.4963   -6.6185         0
    7.5378   -6.5713         0
    7.5790   -6.5237         0
    7.6199   -6.4759         0
    7.6604   -6.4279         0
    7.7007   -6.3796         0
    7.7407   -6.3310         0
    7.7804   -6.2822         0
    7.8197   -6.2331         0
    7.8588   -6.1838         0
    7.8975   -6.1343         0
    7.9359   -6.0845         0
    7.9740   -6.0345         0
    8.0118   -5.9842         0
    8.0493   -5.9337         0
    8.0865   -5.8829         0
    8.1233   -5.8320         0
    8.1598   -5.7808         0
    8.1960   -5.7293         0
    8.2319   -5.6777         0
    8.2674   -5.6258         0
    8.3027   -5.5737         0
    8.3376   -5.5213         0
    8.3721   -5.4688         0
    8.4063   -5.4160         0
    8.4402   -5.3630         0
    8.4738   -5.3099         0
    8.5070   -5.2565         0
    8.5399   -5.2028         0
    8.5725   -5.1490         0
    8.6047   -5.0950         0
    8.6366   -5.0408         0
    8.6681   -4.9864         0
    8.6993   -4.9318         0
    8.7301   -4.8769         0
    8.7606   -4.8219         0
    8.7908   -4.7668         0
    8.8206   -4.7114         0
    8.8501   -4.6558         0
    8.8792   -4.6000         0
    8.9079   -4.5441         0
    8.9363   -4.4880         0
    8.9644   -4.4317         0
    8.9921   -4.3752         0
    9.0194   -4.3186         0
    9.0464   -4.2618         0
    9.0730   -4.2048         0
    9.0993   -4.1476         0
    9.1252   -4.0903         0
    9.1507   -4.0329         0
    9.1759   -3.9752         0
    9.2007   -3.9174         0
    9.2252   -3.8595         0
    9.2493   -3.8014         0
    9.2730   -3.7431         0
    9.2964   -3.6848         0
    9.3194   -3.6262         0
    9.3420   -3.5675         0
    9.3642   -3.5087         0
    9.3861   -3.4497         0
    9.4076   -3.3906         0
    9.4288   -3.3314         0
    9.4495   -3.2720         0
    9.4699   -3.2125         0
    9.4900   -3.1529         0
    9.5096   -3.0932         0
    9.5289   -3.0333         0
    9.5477   -2.9733         0
    9.5663   -2.9132         0
    9.5844   -2.8530         0
    9.6021   -2.7926         0
    9.6195   -2.7322         0
    9.6365   -2.6716         0
    9.6531   -2.6110         0
    9.6694   -2.5502         0
    9.6852   -2.4893         0
    9.7007   -2.4284         0
    9.7158   -2.3673         0
    9.7304   -2.3062         0
    9.7448   -2.2449         0
    9.7587   -2.1836         0
    9.7722   -2.1222         0
    9.7854   -2.0607         0
    9.7981   -1.9991         0
    9.8105   -1.9374         0
    9.8225   -1.8757         0
    9.8341   -1.8139         0
    9.8453   -1.7520         0
    9.8562   -1.6900         0
    9.8666   -1.6280         0
    9.8766   -1.5659         0
    9.8863   -1.5037         0
    9.8956   -1.4415         0
    9.9044   -1.3793         0
    9.9129   -1.3170         0
    9.9210   -1.2546         0
    9.9287   -1.1922         0
    9.9360   -1.1297         0
    9.9429   -1.0672         0
    9.9494   -1.0046         0
    9.9555   -0.9420         0
    9.9613   -0.8794         0
    9.9666   -0.8167         0
    9.9715   -0.7540         0
    9.9761   -0.6913         0
    9.9802   -0.6285         0
    9.9840   -0.5658         0
    9.9873   -0.5029         0
    9.9903   -0.4401         0
    9.9929   -0.3773         0
    9.9951   -0.3144         0
    9.9968   -0.2516         0
    9.9982   -0.1887         0
    9.9992   -0.1258         0
    9.9998   -0.0629         0
   10.0000   -0.0000         0
